<?xml version="1.0" encoding="UTF-8" standalone="no" ?>
<SimscapeMultibodyImportXML version="2.0" xmlns="urn:mathworks:SimscapeMultibody:import" xmlns:xsi="http://www.w3.org/2001/XMLSchema-instance">
<Created by="" on="10/25/20||10:12:30" using="Simscape Multibody Link Version 7.2" from="SolidWorks 27.3.0"/>
<ModelUnits mass="kilogram" length="millimeter"/>
<DataUnits mass="kilogram" length="meter"/>
<RootAssembly name="NOP" uid="NOP" version="200">
<AssemblyFile name="NOP.SLDASM" type="SolidWorks Assembly"/>
<InstanceTree>
<Instance name="link 4-1" uid="link 4-1" entityUid="link 4*:*Default">
<Transform>
<Rotation>-0.74490710435436458 -0.11603739237320304 0.65699979410470388 -0.64917073317471541 -0.10112412493082674 -0.75389075504769054 0.15391804660857061 -0.98808361737668837 -3.1682816786434905e-15</Rotation>
<Translation>-0.15563607753089995 -0.13567504257553406 0.19015524429539329</Translation>
</Transform>
</Instance>
<Instance name="de robot-1" uid="de robot-1" grounded="true" entityUid="de robot*:*Default">
<Transform>
<Rotation>1 0 0 0 1 0 0 0 1</Rotation>
<Translation>0 0 0</Translation>
</Transform>
</Instance>
<Instance name="link 2-1" uid="link 2-1" entityUid="link 2*:*Default">
<Transform>
<Rotation>-0.73381213640215082 -0.17283234365884578 0.65699979410522014 -0.6395017040604789 -0.15061971968519028 -0.75389075504724035 0.22925383087890733 -0.97336667347271821 -1.1561585022690224e-13</Rotation>
<Translation>-0.028675598374892038 -0.024990175435885002 0.16369546273550825</Translation>
</Transform>
</Instance>
<Instance name="link 1-1" uid="link 1-1" entityUid="link 1*:*Default">
<Transform>
<Rotation>-0.75389075504769321 -4.5887885057296392e-15 0.65699979410470044 -0.65699979410470055 8.7543523571063094e-15 -0.7538907550476931 -2.2921624648001524e-15 -0.99999999999999989 -9.6146584119068174e-15</Rotation>
<Translation>0.03769453775238471 0.032849989705234561 0.14500000000000018</Translation>
</Transform>
</Instance>
<Instance name="link 3-1" uid="link 3-1" entityUid="link 3*:*Default">
<Transform>
<Rotation>-0.74466983574213585 -0.11755044143753585 0.65699979410470211 -0.6489639586144208 -0.1024427150807764 -0.75389075504769221 0.15592503376713013 -0.98776889191992634 4.2666736152578941e-15</Rotation>
<Translation>-0.10909994063504284 -0.095078282966242531 0.18053536638235756</Translation>
</Transform>
</Instance>
</InstanceTree>
<Constraints>
<Concentric name="Concentric17">
<ConstraintGeometry geomType="cylinder">
<InstancePath>
<Uid>de robot-1</Uid>
</InstancePath>
<Position>0 -1.9203147363637234e-16 0.055</Position>
<Axis>0 3.4914813388431334e-15 -1</Axis>
</ConstraintGeometry>
<ConstraintGeometry geomType="cylinder">
<InstancePath>
<Uid>link 1-1</Uid>
</InstancePath>
<Position>0.05000000000000001 0.089999999999999997 6.2332176791715706e-16</Position>
<Axis>0 0.99999999999999989 6.9829626776862643e-15</Axis>
</ConstraintGeometry>
</Concentric>
<Coincident name="Coincident17">
<ConstraintGeometry geomType="plane">
<InstancePath>
<Uid>de robot-1</Uid>
</InstancePath>
<Position>0 -1.5711666024794099e-16 0.044999999999999998</Position>
<Axis>0 -3.4914813388431334e-15 1</Axis>
</ConstraintGeometry>
<ConstraintGeometry geomType="plane">
<InstancePath>
<Uid>link 1-1</Uid>
</InstancePath>
<Position>0.050000000000000017 0.099999999999999978 6.9854368017857546e-16</Position>
<Axis>0 0.99999999999999989 6.9829626776862643e-15</Axis>
</ConstraintGeometry>
</Coincident>
<Concentric name="Concentric18">
<ConstraintGeometry geomType="cylinder">
<InstancePath>
<Uid>link 1-1</Uid>
</InstancePath>
<Position>0 0 -0.0025000000000000022</Position>
<Axis>-1.1102230246252169e-16 6.9829626776862675e-15 -0.99999999999999978</Axis>
</ConstraintGeometry>
<ConstraintGeometry geomType="cylinder">
<InstancePath>
<Uid>link 2-1</Uid>
</InstancePath>
<Position>-0.089978102007893246 -0.0019852352640383208 0.028500000000062746</Position>
<Axis>-6.9639639206091332e-13 -4.7920860412771635e-14 -1</Axis>
</ConstraintGeometry>
</Concentric>
<Coincident name="Coincident18">
<ConstraintGeometry geomType="plane">
<InstancePath>
<Uid>link 1-1</Uid>
</InstancePath>
<Position>-0.019266227741065428 0.052906166640850169 -0.011499999999999622</Position>
<Axis>1.1102230246252169e-16 -6.9829626776862675e-15 0.99999999999999978</Axis>
</ConstraintGeometry>
<ConstraintGeometry geomType="plane">
<InstancePath>
<Uid>link 2-1</Uid>
</InstancePath>
<Position>-0.089978102007921112 -0.001985235264040236 -0.011499999999937255</Position>
<Axis>-6.9639639206091332e-13 -4.7920860412771635e-14 -1</Axis>
</ConstraintGeometry>
</Coincident>
<Concentric name="Concentric19">
<ConstraintGeometry geomType="cylinder">
<InstancePath>
<Uid>link 2-1</Uid>
</InstancePath>
<Position>1.9845236565174673e-14 1.3877787807814457e-15 0.028499999999999994</Position>
<Axis>-6.9639639206091332e-13 -4.7920860412771635e-14 -1</Axis>
</ConstraintGeometry>
<ConstraintGeometry geomType="cylinder">
<InstancePath>
<Uid>link 3-1</Uid>
</InstancePath>
<Position>-0.10800000000000003 -6.6613381477509392e-16 0.014999999999999998</Position>
<Axis>0 -6.9840820646191278e-15 -1.0000000000000002</Axis>
</ConstraintGeometry>
</Concentric>
<Coincident name="Coincident21">
<ConstraintGeometry geomType="plane">
<InstancePath>
<Uid>link 2-1</Uid>
</InstancePath>
<Position>5.5788706987414116e-15 3.8857805861880479e-16 0.0079999999999999984</Position>
<Axis>6.9639639206091332e-13 4.7920860412771635e-14 1</Axis>
</ConstraintGeometry>
<ConstraintGeometry geomType="plane">
<InstancePath>
<Uid>link 3-1</Uid>
</InstancePath>
<Position>-0.10800000000000001 -6.9388939039072284e-16 0.0080000000000000019</Position>
<Axis>0 -6.9840820646191278e-15 -1.0000000000000002</Axis>
</ConstraintGeometry>
</Coincident>
<Concentric name="Concentric20">
<ConstraintGeometry geomType="cylinder">
<InstancePath>
<Uid>link 3-1</Uid>
</InstancePath>
<Position>0 1.3877787807814457e-16 0.018000000000000002</Position>
<Axis>0 -6.9840820646191278e-15 -1.0000000000000002</Axis>
</ConstraintGeometry>
<ConstraintGeometry geomType="cylinder">
<InstancePath>
<Uid>link 4-1</Uid>
</InstancePath>
<Position>-0.062500000000000028 0 -0.014999999999999776</Position>
<Axis>3.2587961183315875e-15 0 1.0000000000000002</Axis>
</ConstraintGeometry>
</Concentric>
<Coincident name="Coincident22">
<ConstraintGeometry geomType="plane">
<InstancePath>
<Uid>link 3-1</Uid>
</InstancePath>
<Position>-0.10800000000000001 -8.0491169285323849e-16 -0.0060000000000000045</Position>
<Axis>0 6.9840820646191278e-15 1.0000000000000002</Axis>
</ConstraintGeometry>
<ConstraintGeometry geomType="plane">
<InstancePath>
<Uid>link 4-1</Uid>
</InstancePath>
<Position>-0.067000000000000004 -0.0060000000000000053 -0.0060312893953318458</Position>
<Axis>-3.2587961183315875e-15 0 -1.0000000000000002</Axis>
</ConstraintGeometry>
</Coincident>
</Constraints>
</RootAssembly>
<Assemblies>
</Assemblies>
<Parts>
<Part name="de robot" uid="de robot*:*Default" version="284">
<ModelUnits mass="kilogram" length="millimeter"/>
<PartFile name="de robot.SLDPRT" type="SolidWorks Part"/>
<MassProperties>
<Mass>0.45127899491723372</Mass>
<CenterOfMass>0.0226523215568212 -0.00030570340088881308 0.019892456147505372</CenterOfMass>
<Inertia>0.00035903379625323715 0.00078817291532322809 0.00099635642660406793 6.7359710854375448e-07 4.2918796356587571e-05 1.0087796319101454e-05</Inertia>
</MassProperties>
<GeometryFile name="de robot_Default_sldprt.STEP" type="STEP"/>
<VisualProperties>
<Ambient r="0.90980392156862744" g="0.44313725490196076" b="0.031372549019607843" a="1"/>
<Diffuse r="0.90980392156862744" g="0.44313725490196076" b="0.031372549019607843" a="1"/>
<Specular r="0.45490196078431372" g="0.22156862745098038" b="0.015686274509803921" a="1"/>
<Emissive r="0" g="0" b="0" a="1"/>
<Shininess>0.40000000596046448</Shininess>
</VisualProperties>
</Part>
<Part name="link 1" uid="link 1*:*Default" version="294">
<ModelUnits mass="kilogram" length="millimeter"/>
<PartFile name="link 1.SLDPRT" type="SolidWorks Part"/>
<MassProperties>
<Mass>0.29989904917563825</Mass>
<CenterOfMass>0.03018063322388689 0.049417778115825088 5.6414681720609913e-07</CenterOfMass>
<Inertia>0.00046491033592469867 0.00028239225357455948 0.0005843882210063568 -1.4306139949569364e-09 -6.3914634128658043e-10 -0.00019293975040023451</Inertia>
</MassProperties>
<GeometryFile name="link 1_Default_sldprt.STEP" type="STEP"/>
<VisualProperties>
<Ambient r="1" g="1" b="0.50196078431372548" a="1"/>
<Diffuse r="1" g="1" b="0.50196078431372548" a="1"/>
<Specular r="0.5" g="0.5" b="0.25098039215686274" a="1"/>
<Emissive r="0" g="0" b="0" a="1"/>
<Shininess>0.40000000596046448</Shininess>
</VisualProperties>
</Part>
<Part name="link 2" uid="link 2*:*Default" version="378">
<ModelUnits mass="kilogram" length="millimeter"/>
<PartFile name="link 2.SLDPRT" type="SolidWorks Part"/>
<MassProperties>
<Mass>0.11006396743101743</Mass>
<CenterOfMass>-0.049344599044230171 -0.0010889025961322175 1.6829630989745481e-10</CenterOfMass>
<Inertia>2.1883277304627852e-05 0.00010674914736384478 0.00010766675238383844 1.5895694328402937e-11 -1.0567944899146482e-12 -1.8735062315893121e-06</Inertia>
</MassProperties>
<GeometryFile name="link 2_Default_sldprt.STEP" type="STEP"/>
<VisualProperties>
<Ambient r="1" g="0.50196078431372548" b="0.50196078431372548" a="1"/>
<Diffuse r="1" g="0.50196078431372548" b="0.50196078431372548" a="1"/>
<Specular r="0.5" g="0.25098039215686274" b="0.25098039215686274" a="1"/>
<Emissive r="0" g="0" b="0" a="1"/>
<Shininess>0.40000000596046448</Shininess>
</VisualProperties>
</Part>
<Part name="link 3" uid="link 3*:*Default" version="548">
<ModelUnits mass="kilogram" length="millimeter"/>
<PartFile name="link 3.SLDPRT" type="SolidWorks Part"/>
<MassProperties>
<Mass>0.055235243708882498</Mass>
<CenterOfMass>-0.058397069111452531 -8.8022935747548405e-11 3.057100506955678e-11</CenterOfMass>
<Inertia>7.2414219215198538e-06 6.7372430886930755e-05 6.3742900802549863e-05 6.2658671320320621e-11 6.6342363953710716e-14 -1.6090010537030244e-13</Inertia>
</MassProperties>
<GeometryFile name="link 3_Default_sldprt.STEP" type="STEP"/>
<VisualProperties>
<Ambient r="0.50196078431372548" g="1" b="0.50196078431372548" a="1"/>
<Diffuse r="0.50196078431372548" g="1" b="0.50196078431372548" a="1"/>
<Specular r="0.25098039215686274" g="0.5" b="0.25098039215686274" a="1"/>
<Emissive r="0" g="0" b="0" a="1"/>
<Shininess>0.40000000596046448</Shininess>
</VisualProperties>
</Part>
<Part name="link 4" uid="link 4*:*Default" version="555">
<ModelUnits mass="kilogram" length="millimeter"/>
<PartFile name="link 4.SLDPRT" type="SolidWorks Part"/>
<MassProperties>
<Mass>0.012615620141849726</Mass>
<CenterOfMass>-0.040539132618291042 0 0</CenterOfMass>
<Inertia>6.5519102287236572e-07 2.2097439373582469e-06 2.2119733021349096e-06 0 0 0</Inertia>
</MassProperties>
<GeometryFile name="link 4_Default_sldprt.STEP" type="STEP"/>
<VisualProperties>
<Ambient r="1" g="1" b="0.75294117647058822" a="1"/>
<Diffuse r="1" g="1" b="0.75294117647058822" a="1"/>
<Specular r="0.5" g="0.5" b="0.37647058823529411" a="1"/>
<Emissive r="0" g="0" b="0" a="1"/>
<Shininess>0.40000000596046448</Shininess>
</VisualProperties>
</Part>
</Parts>
</SimscapeMultibodyImportXML>
